00100110 10000110

 10100110 1

1 110110 11001110
00110110 10010110
00110110 10000110
00010110 11100110
11001110 10100110
1 1000110 00000100
00000100 01100110
10010110 00000100
11100110 10010110
11110110 00010110
11000110 10101110
00101110 10100110
0000110 1110110
11000110 00000100

00110100 10100110

00010110
01001110
00000 1 00
0110110
11101010
1 1000110
0101110
10010110
000 10
011 10110
1 10010
00010110
00101010
0 10
01001110
0100110
1000110

1000110
1100110
01100110
10100110
00000 1 00
10010110
110110
00100110
01100110
00001 10
00000 1 00
00000100
00000100
00010
11110
00010110

11001110 00000100
00000100 10100110
11110110 00000100
00110110 11000010
10100110 00010110
00101110 11000110
0110 11110110
10 110 1111
00000100 00100110
1 1000110 00000100
10100110 00101110
0010110 01110110
10000110 00000100
1100110 11110110
1001110 01110110
10100110 00010110
1001110 10100110
00101110 00000100
10100110 10110110
