 00 0 110 11000110 11001110 00000100
00100110 10000110 01001110 11100110 00000100 10100110
10100110 00110110 00000100 01100110 11110110 00000100
 0 1101 10110110 10100110 10110 11000010
 10 10010110 11101010 00000 10100110 0010 10
 001 10110 10000110 11000110 10010110 0101110 11000110
000010 11100110 1010 101 1011 11110110
1001110 10100110 10010110 10101110 0101110
010110 110110 10010110 01100110 00000100 00100110
1000110 00000100 01110110 10000110 11000110 00000100
00000100 01100110 1110110 00000100 10100110 00101110
10010110 0000000 000 100 0010110 01110110
11100110 10010110 00010110 00000100 10000110 00000100
11110110 00010 1 0 1100110 11110110
1000110 10101110 1001110 1 11001110 1110110
1110 10100110 11110 11110110 10100110 0010110
0000110 1010 1001010 10110110 1001110 10100110
1 1000110 00000100 10100110 0010110 00101110 00000100
00110100 0100110 1000110 1 10100110 010
