11110110 11000110 00 101 10000110 11000110
00101110 00000100 01100110 11110110 00000100 10100110
01110110 10010110 0 11100110 1110110 10010110
00010110 11100110 10010110 00010110 00000100 10000110
10110 11110110 00010110 00101010 00000100 01100110

1110 11000110 10101110 01001110 11110 11001110

010110 10 10100110 101110 11110110 10100110

0011110 10000110 11100 10010110 10110110 01001110
11110110 11000110 00000100 10100110 00010110 101110
00000100 00110100 10100110 11000110 1110110 10100110
1 110110 10110110 10110110 11110110 11000110 00000100
00101110 00000100 00010110 11000110 10010110 00010110
1001110 10000110 1110110 10010110 10110110 10100110
1110110 10100110 10100110 01001110 11100010 00000100
00000100 1010110 11110110 01001110 01100010 1110110
01001110 00001110 00000100 00100110 01110110 10000110
00101110 00000100 01110110 10010110 00000100 11100110
00000100 01100110 11110110 00000100 10100110 11001110
