4
linear   essential      -0.250000   0.750000
linear   non-essential   0.000000   1.000000
linear   essential       0.000000   1.000000
linear   essential       0.000000   1.000000

1 1
significant   elliptical   200
	  0.300352  0.129615  0.183398  0.037051
	  0.004916  0.000886  0.001828  0.000400

0 1
significant   elliptical   200
	  0.299922  0.302525  0.191582  0.153477
	  0.004970  0.004635  0.001884  0.001124

O 1
significant   elliptical   143
	  0.299689  0.298541  0.192007  0.151224
	  0.005008  0.004749  0.002043  0.001094

I 1
significant   elliptical    87
	  0.288344  0.124843  0.176455  0.035830
	  0.004578  0.000784  0.001594  0.000400

! 1
significant   elliptical    20
	  0.297461  0.167402  0.186523  0.061914
	  0.005420  0.030142  0.001890  0.010903

Q 1
significant   elliptical     1
	  0.269531  0.250391  0.160156  0.121094
	  0.000400  0.000400  0.000400  0.000400

¢ 1
significant   elliptical     1
	  0.234375  0.129688  0.152344  0.058594
	  0.000400  0.000400  0.000400  0.000400

C 1
significant   elliptical     2
	  0.238281  0.239648  0.152344  0.121094
	  0.000400  0.000400  0.000400  0.000400

« 1
significant   elliptical     2
	  0.234375  0.114453  0.144531  0.048828
	  0.000400  0.000400  0.000400  0.000400

D 1
significant   elliptical     2
	  0.228516  0.235352  0.148438  0.119141
	  0.000400  0.000400  0.000400  0.000400

{ 1
significant   elliptical     1
	  0.207031  0.094531  0.132812  0.027344
	  0.000400  0.000400  0.000400  0.000400

| 1
significant   elliptical    11
	  0.354759  0.151953  0.215554  0.042969
	  0.002374  0.000619  0.001299  0.000400

l 1
significant   elliptical    18
	  0.343316  0.167687  0.208550  0.057726
	  0.003193  0.009498  0.001321  0.004999

~ 1
significant   elliptical     2
	  0.019531  0.017187  0.011719  0.019531
	  0.039551  0.000400  0.000400  0.000400

L 1
significant   elliptical     7
	  0.310268  0.140402  0.201451  0.040179
	  0.006316  0.000731  0.001337  0.000400

. 1
significant   elliptical     1
	  0.113281  0.041797  0.238281  0.042969
	  0.000400  0.000400  0.000400  0.000400

A 1
significant   elliptical     4
	  0.371094  0.259766  0.231445  0.190430
	  0.000400  0.022075  0.000400  0.057896

R 1
significant   elliptical     1
	  0.371094  0.157031  0.222656  0.042969
	  0.000400  0.000400  0.000400  0.000400

y 1
significant   elliptical     1
	  0.367188  0.688672  0.230469  0.566406
	  0.000400  0.000400  0.000400  0.000400

) 1
significant   elliptical     3
	  0.377604  0.193620  0.239583  0.080729
	  0.000400  0.001006  0.000400  0.001165

T 1
significant   elliptical     1
	  0.367188  0.162500  0.230469  0.046875
	  0.000400  0.000400  0.000400  0.000400

[ 1
significant   elliptical     3
	  0.393229  0.166927  0.235677  0.042969
	  0.001317  0.000400  0.000400  0.000400

E 1
significant   elliptical     3
	  0.384115  0.162240  0.229167  0.041667
	  0.000400  0.000400  0.000400  0.000400

e 1
significant   elliptical     1
	  0.371094  1.383984  0.230469  1.125000
	  0.000400  0.000400  0.000400  0.000400

/ 1
significant   elliptical     1
	  0.390625  0.164844  0.234375  0.046875
	  0.000400  0.000400  0.000400  0.000400

i 1
significant   elliptical     1
	  0.378906  0.161719  0.230469  0.042969
	  0.000400  0.000400  0.000400  0.000400

u 1
significant   elliptical     1
	  0.375000  0.166797  0.238281  0.042969
	  0.000400  0.000400  0.000400  0.000400

® 1
significant   elliptical     1
	  0.390625  0.383203  0.246094  0.187500
	  0.000400  0.000400  0.000400  0.000400
